sys: 0.049336
lib: 0.002326
