buff[1]: 0.000313
buff[1024]: 0.000191
